#TEXT/SIMPLE
# X WEIGHT
#
# DATE = 2020-11-26T05:01:45 / Date and time of file creation
# MODELEXPR = (xstbabs.tbabs * xspowerlaw.pl)
# ENERG_LO = 0.06 / [keV] Minimum energy
# ENERG_HI = 10.010000000000002 / [keV] Maximum energy
#
0.0725 0.0
0.0975 0.0
0.1225 0.0
0.14750000000000002 6.5317934419479545e-223
0.1725 6.947416894779714e-141
0.1975 1.2821177777569288e-94
0.22250000000000003 1.8600407788571116e-66
0.2475 1.5929912963817368e-48
0.2725 1.4783556503351751e-36
0.2975 3.4901851233108355e-29
0.3225 4.571693499745849e-24
0.34750000000000003 1.5830551376687946e-19
0.37250000000000005 4.0126913794746786e-16
0.3975 9.108749070240366e-14
0.4225 5.7470156633433084e-12
0.4475 2.561286862980919e-10
0.47250000000000003 5.302315198629853e-09
0.49750000000000005 6.118874090369027e-08
0.5225 4.3633504109241046e-07
0.5475000000000001 1.2190717709932612e-07
0.5725 4.6958688024399635e-08
0.5975 2.9669131371397973e-07
0.6225 1.1075085322981332e-06
0.6475000000000001 3.4381693323265017e-06
0.6725000000000001 9.147492052033283e-06
0.6975 7.018900359762372e-06
0.7225 9.779679313700364e-06
0.7475 3.922618437827357e-05
0.7725000000000001 7.494965638392627e-05
0.7975000000000001 0.00013052404344813902
0.8225 0.00021043801516614874
0.8475 0.0003062559640877644
0.8725 0.000312095465422879
0.8975000000000001 0.00032526867024704816
0.9225000000000001 0.00045358730869301286
0.9475 0.000611518798069761
0.9725 0.0008001635479889075
0.9975 0.001019638466056691
1.0225 0.0012668065179890161
1.0475 0.0015408920672470012
1.0725000000000002 0.001835219593534339
1.0975000000000001 0.0021490373199705044
1.1225 0.0024876498829784714
1.1475 0.0028399928009126083
1.1725 0.0032019429392825646
1.1975000000000002 0.0035694307055721165
1.2225000000000001 0.003938558957726668
1.2475 0.004305690939418785
1.2725000000000002 0.004667515938881187
1.2975 0.005021089753789555
1.3225000000000002 0.005066753455884383
1.3475000000000001 0.005092481644611532
1.3725 0.005398779280389748
1.3975000000000002 0.005691852234326768
1.4225 0.005970434030509639
1.4475000000000002 0.006233553144468625
1.4725000000000001 0.006480508630704829
1.4975 0.006710843168599995
1.5225000000000002 0.006924314639600811
1.5475 0.00712087125511849
1.5725000000000002 0.007271157603491689
1.5975000000000001 0.007404699636974104
1.6225 0.007552598697293887
1.6475000000000002 0.007684870260678361
1.6725 0.007802029448529519
1.6975000000000002 0.007904649769719703
1.7225000000000001 0.007993349413699563
1.7475 0.00806877689097219
1.7725000000000002 0.00813160082876215
1.7975 0.008182499619918964
1.8225000000000002 0.008222153072823266
1.8475000000000001 0.00801270634191256
1.8725 0.007805883865671098
1.8975000000000002 0.007828136268823536
1.9225 0.007841834852476005
1.9475000000000002 0.007847533424188315
1.9725000000000001 0.00784576855439951
1.9975 0.007837059096108762
2.0225 0.007821904903040314
2.0475000000000003 0.007800784580986838
2.0725 0.007774155059196051
2.0975 0.007742451887880295
2.1225000000000005 0.007706088428069861
2.1475 0.007665456361889967
2.1725000000000003 0.007620926364784189
2.1975 0.007572847575790667
2.2225 0.0075215486347876915
2.2475000000000005 0.007467338750988851
2.2725 0.007410507657470072
2.2975000000000003 0.007351326840908338
2.3225 0.007290050134018498
2.3475 0.007226914573543075
2.3725000000000005 0.007162141139112094
2.3975 0.007095935531153047
2.4225000000000003 0.0070284891344059965
2.4475000000000002 0.006959979890671676
2.4725 0.006794991665876951
2.4975000000000005 0.0066344536160866325
2.5225 0.006569410659273755
2.5475000000000003 0.006503739527008643
2.5725000000000002 0.0064375612417499764
2.5975 0.006370988017582614
2.6225000000000005 0.006304123684705171
2.6475 0.006237063884364072
2.6725000000000003 0.006169897021516496
2.6975000000000002 0.006102704485297002
2.7225 0.006035560937304488
2.7475000000000005 0.0059685350878103055
2.7725 0.005901689880266601
2.7975000000000003 0.005835082792832981
2.8225000000000002 0.005768026532111518
2.8475 0.005701339158917492
2.8725000000000005 0.0056357863354959655
2.8975 0.005570654173905697
2.9225000000000003 0.005505978553592623
2.9475000000000002 0.005441791658740688
2.9725 0.005378122470761461
2.9975000000000005 0.005314997077447773
3.0225 0.005252438640430423
3.0475000000000003 0.005190467812181932
3.0725000000000002 0.005129102719209637
3.0975 0.0050683592278334055
3.1225000000000005 0.005008251232066454
3.1475 0.004948790617034085
3.1725000000000003 0.0048899875603254294
3.1975000000000002 0.004821448449256977
3.2225 0.004754012132617569
3.2475000000000005 0.004697783051204926
3.2725 0.004642221294327659
3.2975000000000003 0.004587330397092063
3.3225000000000002 0.004533112701120544
3.3475 0.004479569622912572
3.3725000000000005 0.004426701651968316
3.3975 0.004374508443120691
3.4225000000000003 0.00432298888679358
3.4475000000000002 0.004272141081703096
3.4725 0.004221962576885919
3.4975000000000005 0.004172450361258334
3.5225 0.004123600806049555
3.5475000000000003 0.004075409768969504
3.5725000000000002 0.004027872752743785
3.5975 0.003980984906222553
3.6225000000000005 0.0039347408844576486
3.6475 0.003889135103642495
3.6725000000000003 0.0038441616814734567
3.6975000000000002 0.0037998144544753518
3.7225 0.003756087089411651
3.7475000000000005 0.00371297301282387
3.7725 0.0036704654659889748
3.7975000000000003 0.003628557578832815
3.8225000000000002 0.003587242345306759
3.8475 0.0035465126053927094
3.8725000000000005 0.003506361155379175
3.8975 0.003466780712026346
3.9225000000000003 0.0034277639042200507
3.9475000000000002 0.0033893033518326023
3.9725 0.003351391636284826
3.9975 0.003314021288035559
4.0225 0.0032771848507620353
4.047499999999999 0.0032372330680920662
4.0725 0.0031979378302344056
4.0975 0.0031628408768125246
4.1225 0.003128242756971789
4.1475 0.003094136299018702
4.172499999999999 0.0030605143392806724
4.1975 0.003027369774606649
4.2225 0.0029946955465938395
4.2475 0.0029624846053392657
4.2725 0.002930730003864026
4.297499999999999 0.0028994248713448043
4.3225 0.002868562343491766
4.3475 0.002838135655821208
4.3725 0.002808138124522879
4.3975 0.0027785631063633443
4.422499999999999 0.0027494040247407515
4.4475 0.0027206544291395233
4.4725 0.002692307914962228
4.4975 0.0026643581478841545
4.5225 0.002636798896953492
4.547499999999999 0.0026096239958987182
4.5725 0.0025828273776435317
4.5975 0.002556403034026164
4.6225 0.0025303450459204786
4.6475 0.002504647592131809
4.672499999999999 0.002479304932246478
4.6975 0.0024543114105292675
4.7225 0.0024296614343783675
4.7475 0.0024053495163247523
4.7725 0.002381370252761706
4.797499999999999 0.002357718306245973
4.8225 0.0023343884423304155
4.8475 0.002311375498744606
4.8725000000000005 0.002288674379611542
4.8975 0.002266280098675043
4.922499999999999 0.002244187742232924
4.9475 0.0022223924562021023
4.9725 0.0022008894875460315
4.9975000000000005 0.0021796741536333412
5.0225 0.002158741844110537
5.047499999999999 0.00213808804121003
5.0725 0.0021177082861412798
5.0975 0.002097598199034184
5.1225000000000005 0.0020777534733016304
5.1475 0.002058169881282611
5.172499999999999 0.002038843258053122
5.1975 0.002019769509337129
5.2225 0.002000944624570453
5.2475000000000005 0.001982364653158908
5.2725 0.0019640257091394307
5.297499999999999 0.001945923971915645
5.3225 0.0019280556922875974
5.3475 0.0019104171857317572
5.3725000000000005 0.001893004830735135
5.3975 0.0018758150671952091
5.422499999999999 0.0018588443920296923
5.4475 0.0018420893776839198
5.4725 0.0018255466414174284
5.4975000000000005 0.0018092128616958275
5.5225 0.0017930847857025932
5.547499999999999 0.0017771592009062107
5.5725 0.001761432969420134
5.5975 0.0017459029949158942
5.6225000000000005 0.0017305662335523205
5.6475 0.0017154197023216639
5.672499999999999 0.0017004604659077898
5.6975 0.0016856856474359364
5.7225 0.0016710924112020309
5.7475000000000005 0.0016566779746928725
5.7725 0.0016424396035411297
5.797499999999999 0.0016283746095064242
5.8225 0.001614480358067218
5.8475 0.0016007542519652883
5.8725000000000005 0.001587193741189181
5.8975 0.0015737963250805607
5.922499999999999 0.0015605595399746134
5.9475 0.001547480969267029
5.9725 0.0015345582397598737
5.9975000000000005 0.001521557406839334
6.0225 0.001508713971665727
6.047499999999999 0.0014962532479358365
6.0725 0.001483939085034501
6.0975 0.0014717693086823101
6.1225000000000005 0.001459741789266332
6.1475 0.0014478544216048172
6.172499999999999 0.0014361051430849055
6.1975 0.0014244919299690613
6.2225 0.001413012789571552
6.2475000000000005 0.0014016657636845252
6.2725 0.001390448925069183
6.297499999999999 0.0013793603806522025
6.3225 0.0013683982722826518
6.3475 0.0013575607727678153
6.3725000000000005 0.0013468460834269254
6.3975 0.0013362524364171067
6.422499999999999 0.0013257780974341527
6.4475 0.0013154213582851906
6.4725 0.0013051805387190585
6.4975000000000005 0.0012950539888821157
6.5225 0.0012850400862918086
6.547499999999999 0.0012751372341541817
6.5725 0.0012653438643159417
6.5975 0.0012556584352094407
6.6225000000000005 0.0012460794278301118
6.6475 0.0012366053512267055
6.672499999999999 0.0012272347392638268
6.6975 0.0012179661489845452
6.7225 0.001208798162100677
6.7475000000000005 0.0011997293817358958
6.7725 0.0011907584355567613
6.797499999999999 0.0011818839760048732
6.8225 0.0011731046751577842
6.8475 0.0011644192264319473
6.8725000000000005 0.0011558263436494732
6.8975 0.0011473247646670937
6.922499999999999 0.0011389132475250006
6.9475 0.001130590568637498
6.9725 0.0011223555257623794
6.9975000000000005 0.001114206933402495
7.0225 0.0011061436288486053
7.047499999999999 0.0010981644663918494
7.0725 0.0010902683183606164
7.0975 0.0010824540754724033
7.1225000000000005 0.0010631503426927846
7.1475 0.001044317982822233
7.172499999999999 0.0010371015306019627
7.1975 0.001029956022925074
7.2225 0.001022880579054765
7.2475000000000005 0.001015874337895491
7.2725 0.001008936440437438
7.297499999999999 0.0010020660439233916
7.3225 0.0009952623194198328
7.3475 0.000988524451402796
7.3725000000000005 0.000981851636996957
7.3975 0.0009752430746094937
7.422499999999999 0.0009686979787792534
7.4475 0.0009622155820965
7.4725 0.0009557951240301418
7.4975000000000005 0.0009494358541491196
7.5225 0.0009431370353110362
7.547499999999999 0.000936897930408213
7.5725 0.0009307178266846228
7.5975 0.0009245960188440799
7.6225000000000005 0.0009185318017055018
7.6475 0.0009125244854422023
7.672499999999999 0.0009065733973304673
7.6975 0.0009006778670302979
7.7225 0.0008948096290287946
7.7475000000000005 0.0008889962217308278
7.7725 0.0008832642371083398
7.797499999999999 0.0008775852093712498
7.8225 0.000871958514775083
7.8475 0.0008663835386120759
7.8725000000000005 0.000860859677857538
7.8975 0.000855386335608385
7.922499999999999 0.000849962917693717
7.9475 0.0008445888448961646
7.9725 0.0008392635429102248
7.9975000000000005 0.0008339864489587572
8.0225 0.0008287570054464943
8.0475 0.0008235746591420787
8.072500000000002 0.0008184388692179303
8.0975 0.0008133491041134599
8.122500000000002 0.0008083048339045509
8.1475 0.0008033055364753282
8.1725 0.0007983507003789165
8.197500000000002 0.0007934398173993145
8.2225 0.0007885723908418078
8.247500000000002 0.0007837479288492095
8.2725 0.0007789659414562197
8.2975 0.0007742259516801397
8.322500000000002 0.0007695274884983037
8.3475 0.0007645775143016811
8.372500000000002 0.0007596739984432518
8.3975 0.0007551052015002934
8.4225 0.0007505759746792995
8.447500000000002 0.0007460858781630503
8.4725 0.0007416344756230566
8.497500000000002 0.0007372213390118855
8.5225 0.0007328460488835434
8.5475 0.0007285081873104708
8.572500000000002 0.0007242073415503372
8.5975 0.0007199431059922354
8.622500000000002 0.0007157150812617586
8.6475 0.0007115228725117751
8.6725 0.0007073660896109561
8.697500000000002 0.0007032443459870559
8.7225 0.0006991572626379942
8.747500000000002 0.0006951044647884768
8.7725 0.0006910855819357633
8.7975 0.0006871002482203818
8.822500000000002 0.0006831481041910469
8.8475 0.0006792287935888385
8.872500000000002 0.000675341963837968
8.8975 0.0006714872695016815
8.9225 0.0006676643680824165
8.947500000000002 0.0006638729228284602
8.9725 0.000660112598073886
8.997500000000002 0.0006563830649679664
9.0225 0.0006526839991620717
9.0475 0.0006490150792725083
9.072500000000002 0.0006453759871429885
9.0975 0.0006417664106039531
9.122500000000002 0.0006381860414939918
9.1475 0.0006346345738885449
9.1725 0.0006311117078466658
9.197500000000002 0.0006276171446917776
9.2225 0.0006241505902221285
9.247500000000002 0.0006207117556168304
9.2725 0.0006173003549400633
9.2975 0.0006139161050946364
9.322500000000002 0.0006105587248816972
9.3475 0.0006072279408258993
9.372500000000002 0.0006039234805266282
9.3975 0.0006006450729088622
9.4225 0.0005973924534838614
9.447500000000002 0.0005941653601652253
9.4725 0.000590963533998296
9.497500000000002 0.0005877867196470877
9.5225 0.0005846346623420832
9.5475 0.0005815071130775522
9.572500000000002 0.0005784038266266278
9.5975 0.0005753245567566929
9.622500000000002 0.0005722690641539755
9.6475 0.0005692371115204862
9.672500000000001 0.0005662284632677514
9.697500000000002 0.0005632428880143225
9.7225 0.0005602801551703822
9.747500000000002 0.0005573400393367033
9.7725 0.0005544223172014067
9.797500000000001 0.000551526767096588
9.822500000000002 0.0005486531709108863
9.8475 0.0005458013116160363
9.872500000000002 0.0005429709764744266
9.8975 0.0005401619561593928
9.922500000000001 0.0005373740417375991
9.947500000000002 0.0005346070265309569
9.9725 0.0005318607081582291
9.997500000000002 0.0005291348858226176
