#TEXT/SIMPLE
# X WEIGHT
#
# DATE = 2020-11-26T05:01:45 / Date and time of file creation
# MODELEXPR = (xstbabs.tbabs * xspowerlaw.pl)
# ENERG_LO = 0.06 / [keV] Minimum energy
# ENERG_HI = 10.010000000000002 / [keV] Maximum energy
#
0.0725 0.0
0.0975 0.0
0.1225 0.0
0.14750000000000002 1.6243126690585847e-297
0.1725 4.448701751664055e-188
0.1975 2.48588120872104e-126
0.22250000000000003 9.914268843953546e-89
0.2475 8.972644132935891e-65
0.2725 8.94506946288093e-49
0.2975 6.615352715005792e-39
0.3225 4.771299895582285e-32
0.34750000000000003 5.803304626793092e-26
0.37250000000000005 2.1501928152608974e-21
0.3975 3.1775209316058593e-18
0.4225 8.483716372670552e-16
0.4475 1.4199247360543354e-13
0.47250000000000003 8.522592394135746e-12
0.49750000000000005 2.3402147037105044e-10
0.5225 3.3736178990645873e-09
0.5475000000000001 6.456831149837959e-10
0.5725 1.8923644268616737e-10
0.5975 2.306902957076589e-09
0.6225 1.3917551941766937e-08
0.6475000000000001 6.55608977016474e-08
0.6725000000000001 2.5103692882030284e-07
0.6975 1.8290208745998723e-07
0.7225 2.9484387287754697e-07
0.7475 1.944043192060823e-06
0.7725000000000001 4.76346159419978e-06
0.7975000000000001 1.0303551847596782e-05
0.8225 2.0089738730355354e-05
0.8475 3.413988897573125e-05
0.8725 3.604360953736077e-05
0.8975000000000001 3.9177793252189786e-05
0.9225000000000001 6.273831269916811e-05
0.9475 9.597248811287071e-05
0.9725 0.00014097802044322962
0.9975 0.00019977146512652934
1.0225 0.0002735087996672034
1.0475 0.00036381431453530775
1.0725000000000002 0.00047026848061148104
1.0975000000000001 0.000593967394480806
1.1225 0.0007383682224687297
1.1475 0.0009006265109662411
1.1725 0.0010798613613359777
1.1975000000000002 0.0012748107960526495
1.2225000000000001 0.0014839004560578163
1.2475 0.001705316068018413
1.2725000000000002 0.0019370779262262668
1.2975 0.002177110829017139
1.3225000000000002 0.0022460124109741956
1.3475000000000001 0.002303981796620699
1.3725 0.002536792284434154
1.3975000000000002 0.0027716339500369917
1.4225 0.003006815508566773
1.4475000000000002 0.0032407594208189888
1.4725000000000001 0.0034720189539990402
1.4975 0.003699288808282144
1.5225000000000002 0.003921409945486872
1.5475 0.004137372512456874
1.5725000000000002 0.004322938554674829
1.5975000000000001 0.004499542002543082
1.6225 0.004692071187674921
1.6475000000000002 0.0048759505090334825
1.6725 0.005050819352162917
1.6975000000000002 0.005216421212641277
1.7225000000000001 0.005372594526970447
1.7475 0.005519261345302396
1.7725000000000002 0.005656418344208625
1.7975 0.00578412667571297
1.8225000000000002 0.005902502769217066
1.8475000000000001 0.0057811157869391856
1.8725 0.005658567650323832
1.8975000000000002 0.005755925531412951
1.9225 0.005845375913218149
1.9475000000000002 0.005927130517074792
1.9725000000000001 0.0060014206387937925
1.9975 0.006068494260814057
2.0225 0.006128612387230412
2.0475000000000003 0.006182044358396976
2.0725 0.006229065046996238
2.0975 0.006269952908878873
2.1225000000000005 0.006304986943291729
2.1475 0.0063344451479718355
2.1725000000000003 0.006358603279638954
2.1975 0.006377732394245958
2.2225 0.006392098212298644
2.2475000000000005 0.006401960662824366
2.2725 0.006407572280258714
2.2975000000000003 0.0064091781496473064
2.3225 0.0064070152404753535
2.3475 0.0064013121470809725
2.3725000000000005 0.006392288790131823
2.3975 0.006380156256170929
2.4225000000000003 0.00636511694998762
2.4475000000000002 0.006347364730259107
2.4725 0.006210336279981781
2.4975000000000005 0.006076303056735032
2.5225 0.006057037085089587
2.5475000000000003 0.0060356727113989065
2.5725000000000002 0.0060123553464832
2.5975 0.005987223707911706
2.6225000000000005 0.005960409861779399
2.6475 0.005932039012924543
2.6725000000000003 0.005902230289172097
2.6975000000000002 0.005871096645652112
2.7225 0.0058387448815450564
2.7475000000000005 0.005805276316311466
2.7725 0.005770786740167166
2.7975000000000003 0.005735366537221884
2.8225000000000002 0.005698126617829186
2.8475 0.005660152571824474
2.8725000000000005 0.005622481748434614
2.8975 0.005584193413825885
2.9225000000000003 0.005545355167821918
2.9475000000000002 0.0055060303705876425
2.9725 0.005466278663601942
2.9975000000000005 0.005426156264730089
3.0225 0.00538571581216314
3.0475000000000003 0.00534500682886495
3.0725000000000002 0.005304075607641293
3.0975 0.00526296549049977
3.1225000000000005 0.0052217171912269655
3.1475 0.0051803686777761645
3.1725000000000003 0.005138955529601373
3.1975000000000002 0.00508288413536196
3.2225 0.0050273176002718
3.2475000000000005 0.004986580622643159
3.2725 0.004945883817204658
3.2975000000000003 0.0049052524025898795
3.3225000000000002 0.004864709699286129
3.3475 0.004824277483968961
3.3725000000000005 0.004783975963737859
3.3975 0.0047438238874707266
3.4225000000000003 0.004703838628772615
3.4475000000000002 0.004664036129755123
3.4725 0.004624431238073305
3.4975000000000005 0.004585037681615158
3.5225 0.004545867974111743
3.5475000000000003 0.0045069335580764465
3.5725000000000002 0.004468245031509739
3.5975 0.004429812145740013
3.6225000000000005 0.004391643593667508
3.6475 0.004353747383877697
3.6725000000000003 0.004316130750884779
3.6975000000000002 0.004278800179495257
3.7225 0.004241761571445792
3.7475000000000005 0.004205020140414829
3.7725 0.004168580495216271
3.7975000000000003 0.004132446753256411
3.8225000000000002 0.004096622505860899
3.8475 0.004061110793115803
3.8725000000000005 0.004025914274649299
3.8975 0.003991035178851571
3.9225000000000003 0.00395647529348633
3.9475000000000002 0.003922236090638759
3.9725 0.0038883186859787547
3.9975 0.0038547238235146697
4.0225 0.0038214519792422546
4.047499999999999 0.0037828281755131255
4.0725 0.003744716515870596
4.0975 0.003712672269301655
4.1225 0.003680943506676003
4.1475 0.003649529701172994
4.172499999999999 0.0036184300836102387
4.1975 0.0035876437297736948
4.2225 0.0035571695407029496
4.2475 0.003527006190031292
4.2725 0.0034971522783584365
4.297499999999999 0.003467606296326103
4.3225 0.0034383665185278743
4.3475 0.0034094311567569023
4.3725 0.0033807983347086596
4.3975 0.003352466028466392
4.422499999999999 0.003324432112696329
4.4475 0.003296694461272971
4.4725 0.0032692508229803493
4.4975 0.0032420988650553166
4.5225 0.0032152362313689255
4.547499999999999 0.0031886604842288166
4.5725 0.0031623691648268912
4.5975 0.003136359731944866
4.6225 0.003110629615171666
4.6475 0.003085176233781943
4.672499999999999 0.003059996972842621
4.6975 0.003035089193612217
4.7225 0.003010450201906692
4.7475 0.002986077321161758
4.7725 0.0029619678612991126
4.797499999999999 0.002938119093045902
4.8225 0.002914528312633818
4.8475 0.002891192794289462
4.8725000000000005 0.0028681097839144388
4.8975 0.002845276574639472
4.922499999999999 0.0028226904484551394
4.9475 0.0028003486576413704
4.9725 0.0027782484974013246
4.9975000000000005 0.00275638725767163
5.0225 0.0027347622292405076
5.047499999999999 0.0027133707410400515
5.0725 0.0026922101063511054
5.0975 0.002671277659293475
5.1225000000000005 0.002650570748102087
5.1475 0.0026300867474770115
5.172499999999999 0.0026098230337215393
5.1975 0.002589777000747407
5.2225 0.00256994608500328
5.2475000000000005 0.0025503277274412915
5.2725 0.002530919383833779
5.297499999999999 0.002511718528378956
5.3225 0.002492722666391919
5.3475 0.0024739293250538126
5.3725000000000005 0.002455336052742829
5.3975 0.002436940418413447
5.422499999999999 0.0024187400060720478
5.4475 0.0024007324489333276
5.4725 0.002382915378178009
5.4975000000000005 0.00236528645328753
5.5225 0.0023478433771062335
5.547499999999999 0.0023305838481454274
5.5725 0.0023135056223559072
5.5975 0.002296606457133966
5.6225000000000005 0.002279884132077287
5.6475 0.0022633364653473057
5.672499999999999 0.002246961292275224
5.6975 0.0022307564858888955
5.7225 0.002214719928067034
5.7475000000000005 0.0021988495322333916
5.7725 0.0021831432359668956
5.797499999999999 0.0021675989988831188
5.8225 0.002152214817540227
5.8475 0.0021369886976348113
5.8725000000000005 0.002121918673052547
5.8975 0.0021070028109855866
5.922499999999999 0.0020922391912057262
5.9475 0.0020776259252687267
5.9725 0.002063161151261144
5.9975000000000005 0.0020484272696603524
6.0225 0.0020338482051491594
6.047499999999999 0.0020198318035955926
6.0725 0.002005956381714217
6.0975 0.0019922201936584606
6.1225000000000005 0.0019786215293103545
6.1475 0.001965158678795663
6.172499999999999 0.0019518299662224135
6.1975 0.0019386337440542608
6.2225 0.0019255683799125438
6.2475000000000005 0.0019126322637151936
6.2725 0.0018998238022160526
6.297499999999999 0.0018871414257150814
6.3225 0.001874583590341413
6.3475 0.0018621487717001076
6.3725000000000005 0.0018498354612287774
6.3975 0.0018376421712593247
6.422499999999999 0.001825567440786135
6.4475 0.0018136098226426566
6.4725 0.001801767887602114
6.4975000000000005 0.001790040229644908
6.5225 0.0017784254611342193
6.547499999999999 0.0017669222104198105
6.5725 0.0017555291279818743
6.5975 0.001744244883334416
6.6225000000000005 0.0017330681582363634
6.6475 0.0017219976575056162
6.672499999999999 0.001711032103670863
6.6975 0.0017001702345491893
6.7225 0.0016894108066220943
6.7475000000000005 0.0016787525895628997
6.7725 0.001668194372648706
6.797499999999999 0.0016577349657800756
6.8225 0.0016473731904423333
6.8475 0.0016371078834138551
6.8725000000000005 0.001626937895543755
6.8975 0.0016168620990818614
6.922499999999999 0.0016068793809756125
6.9475 0.001596988639958546
6.9725 0.0015871887926154611
6.9975000000000005 0.001577478765194254
7.0225 0.0015678575054644743
7.047499999999999 0.001558323972261389
7.0725 0.0015488771378770402
7.0975 0.0015395159891604527
7.1225000000000005 0.0015083132204841926
7.1475 0.0014779645367352554
7.172499999999999 0.0014694848182043626
7.1975 0.00146107586746943
7.2225 0.0014527369578452973
7.2475000000000005 0.001444467383570985
7.2725 0.0014362664268857772
7.297499999999999 0.0014281333851446998
7.3225 0.001420067566548525
7.3475 0.0014120682896720021
7.3725000000000005 0.0014041348823229445
7.3975 0.0013962666601424981
7.422499999999999 0.0013884629551544245
7.4475 0.0013807231197668932
7.4725 0.0013730465057164806
7.4975000000000005 0.0013654324704661588
7.5225 0.00135788038358064
7.547499999999999 0.0013503896015362887
7.5725 0.0013429595146463769
7.5975 0.0013355895149191439
7.6225000000000005 0.0013282789821103377
7.6475 0.0013210273132685142
7.672499999999999 0.0013138339264047213
7.6975 0.0013066982323229148
7.7225 0.0012995661931806991
7.7475000000000005 0.001292491709122203
7.7725 0.0012855270647323521
7.797499999999999 0.001278617801071038
7.8225 0.0012717633628540966
7.8475 0.0012649632016824503
7.8725000000000005 0.0012582167813994017
7.8975 0.0012515235674689254
7.922499999999999 0.0012448830205236672
7.9475 0.0012382946203861967
7.9725 0.0012317578466722553
7.9975000000000005 0.0012252721918987791
8.0225 0.0012188371492540036
8.0475 0.0012124522111374076
8.072500000000002 0.0012061168850956946
8.0975 0.0011998306878672396
8.122500000000002 0.0011935931305423714
8.1475 0.001187403730829065
8.1725 0.00118126201886244
8.197500000000002 0.0011751675227055294
8.2225 0.001169119784851789
8.247500000000002 0.001163118349195588
8.2725 0.0011571627553242571
8.2975 0.0011512525606047182
8.322500000000002 0.0011453873264492816
8.3475 0.0011389854571857822
8.372500000000002 0.001132638269540379
8.3975 0.0011269198389097805
8.4225 0.001121244427837173
8.447500000000002 0.001115611621838527
8.4725 0.0011100210063380602
8.497500000000002 0.0011044721763411286
8.5225 0.0010989647372205674
8.5475 0.0010934982906871634
8.572500000000002 0.0010880724422138617
8.5975 0.0010826868050491233
8.622500000000002 0.0010773409985501028
8.6475 0.0010720346448671067
8.6725 0.0010667673694253264
8.697500000000002 0.001061538798697992
8.7225 0.0010563485683776762
8.747500000000002 0.001051196316761636
8.7725 0.0010460816849369987
8.7975 0.0010410043176249163
8.822500000000002 0.0010359638668443114
8.8475 0.0010309599855150191
8.872500000000002 0.001025992328531994
8.8975 0.0010210605598574153
8.9225 0.0010161643441105848
8.947500000000002 0.0010113033523459027
8.9725 0.0010064772526783047
8.997500000000002 0.0010016857219973616
9.0225 0.000996928441365614
9.0475 0.0009922050929690356
9.072500000000002 0.0009875153607265084
9.0975 0.000982858935993864
9.122500000000002 0.0009782355136186427
9.1475 0.0009736447883946956
9.1725 0.0009690864627928378
9.197500000000002 0.0009645602373869167
9.2225 0.0009600658174867729
9.247500000000002 0.0009556029150790017
9.2725 0.0009511712437846567
9.2975 0.0009467705188268886
9.322500000000002 0.0009424004551591175
9.3475 0.0009380607795158325
9.372500000000002 0.0009337512168095982
9.3975 0.0009294714906948131
9.4225 0.0009252213344756075
9.447500000000002 0.0009210004825517534
9.4725 0.0009168086719807157
9.497500000000002 0.0009126456435469006
9.5225 0.0009085111355001191
9.5475 0.0009044048943716883
9.572500000000002 0.0009003266709343562
9.5975 0.0008962762103283311
9.622500000000002 0.0008922532685564369
9.6475 0.000888257602372829
9.672500000000001 0.0008842889686905358
9.697500000000002 0.0008803471298313585
9.7225 0.0008764318464647864
9.747500000000002 0.0008725428868258915
9.7725 0.0008686800203043157
9.797500000000001 0.000864843016560136
9.822500000000002 0.0008610316495682956
9.8475 0.0008572456924934237
9.872500000000002 0.0008534849244475601
9.8975 0.0008497491287063941
9.922500000000001 0.0008460380864277528
9.947500000000002 0.0008423515805911145
9.9725 0.0008386894003328221
9.997500000000002 0.0008350513352984769
