#TEXT/SIMPLE
# X WEIGHT
#
# DATE = 2020-11-26T05:01:45 / Date and time of file creation
# MODELEXPR = (xstbabs.tbabs * xspowerlaw.pl)
# ENERG_LO = 0.06 / [keV] Minimum energy
# ENERG_HI = 10.010000000000002 / [keV] Maximum energy
#
0.0725 0.0
0.0975 0.0
0.1225 0.0
0.14750000000000002 1.1316868920587814e-214
0.1725 1.2036970708530515e-132
0.1975 2.2213744143298204e-86
0.22250000000000003 3.222673507415197e-58
0.2475 2.7599883329153522e-40
0.2725 2.5613726553888222e-28
0.2975 6.047032549350641e-21
0.3225 7.9208346898210695e-16
0.34750000000000003 2.7427731213922227e-11
0.37250000000000005 6.952317577688866e-08
0.3975 1.5781656320671154e-05
0.4225 0.0009957176926162121
0.4475 0.044376399765229405
0.47250000000000003 0.9186696825587202
0.49750000000000005 10.601452210288528
0.5225 75.59863166814226
0.5475000000000001 21.12142026494522
0.5725 8.135978606457925
0.5975 51.40420830847302
0.6225 191.88495471946118
0.6475000000000001 595.6910916815542
0.6725000000000001 1584.8781720523418
0.6975 1216.0821686120048
0.7225 1694.409810447479
0.7475 6796.258804095668
0.7725000000000001 12985.643904364446
0.7975000000000001 22614.363173235623
0.8225 36460.11550594516
0.8475 53061.36258797349
0.8725 54073.1041832708
0.8975000000000001 56355.47017638032
0.9225000000000001 78587.72880898349
0.9475 105950.65722358516
0.9725 138634.91042855752
0.9975 176660.7436274275
1.0225 219484.63985034561
1.0475 266972.21369277406
1.0725000000000002 317966.87640398974
1.0975000000000001 372338.3764613436
1.1225 431005.7857185878
1.1475 492052.0918027695
1.1725 554762.9277795397
1.1975000000000002 618433.2033015746
1.2225000000000001 682387.7064812242
1.2475 745996.3393979176
1.2725000000000002 808685.4940305632
1.2975 869945.0631310348
1.3225000000000002 877856.6747830076
1.3475000000000001 882314.2949140945
1.3725 935382.8774648963
1.3975000000000002 986160.1752063511
1.4225 1034426.7607786476
1.4475000000000002 1080014.3095834216
1.4725000000000001 1122801.377052623
1.4975 1162708.7286308808
1.5225000000000002 1199694.415289105
1.5475 1233749.4642286894
1.5725000000000002 1259787.809136701
1.5975000000000001 1282925.0638852
1.6225 1308549.7915192374
1.6475000000000002 1331466.926882552
1.6725 1351765.7189913038
1.6975000000000002 1369545.5329707176
1.7225000000000001 1384913.4752233976
1.7475 1397981.9055234587
1.7725000000000002 1408866.6690323323
1.7975 1417685.302886226
1.8225000000000002 1424555.5894737465
1.8475000000000001 1388267.2221114251
1.8725 1352433.52843666
1.8975000000000002 1356288.9401529424
1.9225 1358662.3323456154
1.9475000000000002 1359649.6567256027
1.9725000000000001 1359343.8785310022
1.9975 1357834.8933078516
2.0225 1355209.3048216708
2.0475000000000003 1351550.0354592197
2.0725 1346936.2519677076
2.0975 1341443.4170007715
2.1225000000000005 1335143.1487539082
2.1475 1328103.3093741531
2.1725000000000003 1320388.1214283146
2.1975 1312058.076123973
2.2225 1303170.1130208024
2.2475000000000005 1293777.805156137
2.2725 1283931.3511664057
2.2975000000000003 1273677.788349472
2.3225 1263061.095309179
2.3475 1252122.3406091358
2.3725000000000005 1240899.8107862528
2.3975 1229429.145130039
2.4225000000000003 1217743.5026195082
2.4475000000000002 1205873.7131339624
2.4725 1177288.1473159848
2.4975000000000005 1149473.6108890334
2.5225 1138204.3840985538
2.5475000000000003 1126826.3207486323
2.5725000000000002 1115360.3889747972
2.5975 1103826.0307894247
2.6225000000000005 1092241.2356277008
2.6475 1080622.5741215483
2.6725000000000003 1068985.3631563094
2.6975000000000002 1057343.704068402
2.7225 1045710.5325934043
2.7475000000000005 1034097.7533504878
2.7725 1022516.2718100061
2.7975000000000003 1010976.0465354663
2.8225000000000002 999357.9982975043
2.8475 987803.8628551863
2.8725000000000005 976446.2974846773
2.8975 965161.6152334303
2.9225000000000003 953956.0325103111
2.9475000000000002 942835.1254896771
2.9725 931803.9154392518
2.9975000000000005 920866.9222835327
3.0225 910028.1589653977
3.0475000000000003 899291.2036954331
3.0725000000000002 888659.1970399986
3.0975 878134.8879694004
3.1225000000000005 867720.6837356092
3.1475 857418.6435342557
3.1725000000000003 847230.530716296
3.1975000000000002 835355.5664696624
3.2225 823671.6704206188
3.2475000000000005 813929.5199756077
3.2725 804302.9889904195
3.2975000000000003 794792.6899512718
3.3225000000000002 785399.0285634896
3.3475 776122.2502472468
3.3725000000000005 766962.4398124702
3.3975 757919.5374561263
3.4225000000000003 748993.3509350339
3.4475000000000002 740183.5508361349
3.4725 731489.7125098924
3.4975000000000005 722911.3142613071
3.5225 714447.7273760198
3.5475000000000003 706098.2341682327
3.5725000000000002 697862.0554481983
3.5975 689738.3507143392
3.6225000000000005 681726.1939104621
3.6475 673824.6175961898
3.6725000000000003 666032.6026140768
3.6975000000000002 658349.0810913963
3.7225 650772.9557428731
3.7475000000000005 643303.0876628043
3.7725 635938.3058468809
3.7975000000000003 628677.4199982983
3.8225000000000002 621519.2162615552
3.8475 614462.4541046756
3.8725000000000005 607505.8854254433
3.8975 600648.2483427076
3.9225000000000003 593888.2657503628
3.9475000000000002 587224.6589806369
3.9725 580656.1427037222
3.9975 574181.4227602276
4.0225 567799.207280958
4.047499999999999 560877.2326098635
4.0725 554069.0097229829
4.0975 547988.1741160786
4.1225 541993.7655265195
4.1475 536084.5413994701
4.172499999999999 530259.2605697827
4.1975 524516.6923581645
4.2225 518855.61383832555
4.2475 513274.80355663894
4.2725 507773.0578919196
4.297499999999999 502349.1864175637
4.3225 497001.9998389468
4.3475 491730.32615367667
4.3725 486533.00733669975
4.3975 481408.89239322965
4.422499999999999 476356.84187294875
4.4475 471375.7381710231
4.4725 466464.47163831466
4.4975 461621.94480101176
4.5225 456847.07809550734
4.547499999999999 452138.8031645857
4.5725 447496.0688374185
4.5975 442917.8341506042
4.6225 438403.0735668964
4.6475 433950.7785164805
4.672499999999999 429559.95442551235
4.6975 425229.62139138655
4.7225 420958.81044987956
4.7475 416746.5708518866
4.7725 412591.96637813747
4.797499999999999 408494.072272725
4.8225 404451.9816246659
4.8475 400464.8000281851
4.8725000000000005 396531.64458071406
4.8975 392651.6513723924
4.922499999999999 388823.96906393586
4.9475 385047.75664555957
4.9725 381322.19061462145
4.9975000000000005 377646.45966675464
5.0225 374019.76502032834
5.047499999999999 370441.32393498096
5.0725 366910.3638886089
5.0975 363426.1260327233
5.1225000000000005 359987.86421571526
5.1475 356594.84596057254
5.172499999999999 353246.349659984
5.1975 349941.6659469799
5.2225 346680.09995835746
5.2475000000000005 343460.9672212081
5.2725 340283.5944604962
5.297499999999999 337147.31972650194
5.3225 334051.49343952246
5.3475 330995.47722557676
5.3725000000000005 327978.64362777775
5.3975 325000.3758291068
5.422499999999999 322060.0668917691
5.4475 319157.1229637516
5.4725 316290.95795746957
5.4975000000000005 313460.99638979346
5.5225 310666.674683529
5.547499999999999 307907.43624119065
5.5725 305182.73739814706
5.5975 302492.0416900455
5.6225000000000005 299834.82174638886
5.6475 297210.5607365702
5.672499999999999 294618.75009294687
5.6975 292058.89137332427
5.7225 289530.4932686679
5.7475000000000005 287033.073685699
5.7725 284566.1588728066
5.797499999999999 282129.28307025303
5.8225 279721.9898255313
5.8475 277343.8291423103
5.8725000000000005 274994.3592101494
5.8975 272673.14676944166
5.922499999999999 270379.7649700117
5.9475 268113.79511530313
5.9725 265874.826029271
5.9975000000000005 263622.32488501654
6.0225 261397.09419391208
6.047499999999999 259238.17140555196
6.0725 257104.64148517497
6.0975 254996.12772100518
6.1225000000000005 252912.26114010092
6.1475 250852.67700242376
6.172499999999999 248817.0179433451
6.1975 246804.93333370585
6.2225 244816.07792432696
6.2475000000000005 242850.11243960547
6.2725 240906.70296958162
6.297499999999999 238985.52152374486
6.3225 237086.2461621761
6.3475 235208.56030872138
6.3725000000000005 233352.15232715625
6.3975 231516.71592417438
6.422499999999999 229701.9506173195
6.4475 227907.56044813848
6.4725 226133.25429930922
6.4975000000000005 224378.74632013
6.5225 222643.75540216485
6.547499999999999 220928.00488773856
6.5725 219231.22308140594
6.5975 217553.1428939034
6.6225000000000005 215893.5011452066
6.6475 214252.0395157589
6.672499999999999 212628.50398555442
6.6975 211022.64455044677
6.7225 209434.2154803526
6.7475000000000005 207862.97475496892
6.7725 206308.68460624924
6.797499999999999 204771.1115586266
6.8225 203250.02553862406
6.8475 201745.20016990465
6.8725000000000005 200256.4126115793
6.8975 198783.44418695435
6.922499999999999 197326.0797162868
6.9475 195884.1072032993
6.9725 194457.31834964955
6.9975000000000005 193045.50775821396
7.0225 191648.47398006168
7.047499999999999 190266.01851171712
7.0725 188897.94597480647
7.0975 187544.06417702
7.1225000000000005 184199.53383498502
7.1475 180936.67272318582
7.172499999999999 179686.36307126077
7.1975 178448.3451444984
7.2225 177222.46634800994
7.2475000000000005 176008.5774899158
7.2725 174806.52973970634
7.297499999999999 173616.17708276838
7.3225 172437.3758995576
7.3475 171269.984893845
7.3725000000000005 170113.8649608826
7.3975 168968.87721812652
7.422499999999999 167834.88557797714
7.4475 166711.7570803911
7.4725 165599.35995710673
7.4975000000000005 164497.564189776
7.5225 163406.2420624207
7.547499999999999 162325.26586507805
7.5725 161254.51210690883
7.5975 160193.85858955284
7.6225000000000005 159143.18313459225
7.6475 158102.3662238848
7.672499999999999 157071.2913025185
7.6975 156049.84222857974
7.7225 155033.1217696728
7.7475000000000005 154025.901180752
7.7725 153032.787739489
7.797499999999999 152048.84951382055
7.8225 151073.9784348905
7.8475 150108.06799952718
7.8725000000000005 149151.01372874726
7.8975 148202.7122041861
7.922499999999999 147263.06048085235
7.9475 146331.95820457675
7.9725 145409.3058722113
7.9975000000000005 144495.0059779915
8.0225 143588.96191395496
8.0475 142691.07782822254
8.072500000000002 141801.26001797148
8.0975 140919.41638596135
8.122500000000002 140045.45511848404
8.1475 139179.2857546734
8.1725 138320.81968215527
8.197500000000002 137469.96884833087
8.2225 136626.6471967591
8.247500000000002 135790.7695091403
8.2725 134962.25089495964
8.2975 134141.0087130448
8.322500000000002 133326.96135484806
8.3475 132469.33764642343
8.372500000000002 131619.76322688514
8.3975 130828.18161017036
8.4225 130043.45584227296
8.447500000000002 129265.50972124518
8.4725 128494.26764959056
8.497500000000002 127729.65546457366
8.5225 126971.60049372901
8.5475 126220.0303276725
8.572500000000002 125474.8734554034
8.5975 124736.05960149874
8.622500000000002 124003.51957106049
8.6475 123277.1849535782
8.6725 122556.98815559312
8.697500000000002 121842.86220028678
8.7225 121134.74142243416
8.747500000000002 120432.56088913562
8.7725 119736.25640774662
8.7975 119045.76459010702
8.822500000000002 118361.02315832763
8.8475 117681.97038762282
8.872500000000002 117008.54519133974
8.8975 116340.68771972202
8.9225 115678.33863225227
8.947500000000002 115021.43958392883
8.9725 114369.93241787146
8.997500000000002 113723.76015798905
9.0225 113082.86660821608
9.0475 112447.19608618648
9.072500000000002 111816.69346870876
9.0975 111191.30466984144
9.122500000000002 110570.97629808771
9.1475 109955.65534950348
9.1725 109345.28985685487
9.197500000000002 108739.82807197038
9.2225 108139.2190219788
9.247500000000002 107543.41266628768
9.2725 106952.35946416647
9.2975 106366.01036670031
9.322500000000002 105784.31665387712
9.3475 105207.23094384575
9.372500000000002 104634.7060409611
9.3975 104066.69497924803
9.4225 103503.15193385872
9.447500000000002 102944.03149617052
9.4725 102389.28880016082
9.497500000000002 101838.87960677173
9.5225 101292.75977509073
9.5475 100750.88616282868
9.572500000000002 100213.21628241567
9.5975 99679.70747202718
9.622500000000002 99150.31826858559
9.6475 98625.0075582641
9.672500000000001 98103.73452342358
9.697500000000002 97586.45907532661
9.7225 97073.14126239231
9.747500000000002 96563.74203235227
9.7725 96058.22269458824
9.797500000000001 95556.54484331414
9.822500000000002 95058.67068894424
9.8475 94564.56262954803
9.872500000000002 94074.1838065861
9.8975 93587.49795249355
9.922500000000001 93104.46886785293
9.947500000000002 92625.06074398698
9.9725 92149.23851668314
9.997500000000002 91676.96739624602
