#TEXT/SIMPLE
# X WEIGHT
#
# DATE = 2020-11-26T05:01:45 / Date and time of file creation
# MODELEXPR = (xstbabs.tbabs * xspowerlaw.pl)
# ENERG_LO = 0.06 / [keV] Minimum energy
# ENERG_HI = 10.010000000000002 / [keV] Maximum energy
#
0.0725 0.0
0.0975 0.0
0.1225 0.0
0.14750000000000002 2.4256084196714004e-289
0.1725 6.643307431504152e-180
0.1975 3.7122005541404755e-118
0.22250000000000003 1.4805113843455596e-80
0.2475 1.3398972728679443e-56
0.2725 1.335779509513076e-40
0.2975 9.87879707538953e-31
0.3225 7.125047670907655e-24
0.34750000000000003 8.666154511265229e-18
0.37250000000000005 3.2109124652931425e-13
0.3975 4.745035652435276e-10
0.4225 1.2668850188541873e-07
0.4475 2.120393111918075e-05
0.47250000000000003 0.0012726904285382693
0.49750000000000005 0.03494674761386274
0.5225 0.5037869947457796
0.5475000000000001 0.09642074644730018
0.5725 0.028258937914599037
0.5975 0.34449298725798494
0.6225 2.078327148105643
0.6475000000000001 9.790298905844198
0.6725000000000001 37.48768939590255
0.6975 27.31301994803432
0.7225 44.029440523590935
0.7475 290.3066401372457
0.7725000000000001 711.3342627789111
0.7975000000000001 1538.6435499845356
0.8225 3000.028279136141
0.8475 5098.1565140519015
0.8725 5382.441720401147
0.8975000000000001 5850.473679536968
0.9225000000000001 9368.798410424182
0.9475 14331.703474203243
0.9725 21052.441435052988
0.9975 29832.14728614076
1.0225 40843.44473601214
1.0475 54328.89131162673
1.0725000000000002 70225.83815334039
1.0975000000000001 88697.9668697618
1.1225 110261.54085690754
1.1475 134491.79395030622
1.1725 161257.18034647036
1.1975000000000002 190369.24720814204
1.2225000000000001 221592.89333464226
1.2475 254657.19079712473
1.2725000000000002 289266.5074229365
1.2975 325110.95049713546
1.3225000000000002 335400.1183714819
1.3475000000000001 344056.7663547075
1.3725 378822.6762798831
1.3975000000000002 413891.9047742988
1.4225 449011.88994635956
1.4475000000000002 483947.0556998057
1.4725000000000001 518481.3594392405
1.4975 552419.8789489166
1.5225000000000002 585589.5334651888
1.5475 617839.5202291223
1.5725000000000002 645550.3522002749
1.5975000000000001 671922.7876464941
1.6225 700673.435313296
1.6475000000000002 728132.3869416973
1.6725 754245.7914796788
1.6975000000000002 778975.3447695861
1.7225000000000001 802296.9203123279
1.7475 824198.8777500287
1.7725000000000002 844680.7207905457
1.7975 863751.5813495943
1.8225000000000002 881428.8459896443
1.8475000000000001 863301.9611933582
1.8725 845001.6796249379
1.8975000000000002 859540.2657352097
1.9225 872898.0141159609
1.9475000000000002 885106.5414050145
1.9725000000000001 896200.3873235135
1.9975 906216.5834296799
2.0225 915194.1058234993
2.0475000000000003 923173.1754700085
2.0725 930194.8394844386
2.0975 936300.6800614479
2.1225000000000005 941532.3605417912
2.1475 945931.3947093866
2.1725000000000003 949538.9616939658
2.1975 952395.5386532835
2.2225 954540.8059954547
2.2475000000000005 956013.579279163
2.2725 956851.5698185472
2.2975000000000003 957091.3765001093
2.3225 956768.3863025685
2.3475 955916.7355324245
2.3725000000000005 954569.2652450543
2.3975 952757.4972838678
2.4225000000000003 950511.657034072
2.4475000000000002 947860.6936782118
2.4725 927398.0469810187
2.4975000000000005 907382.6816504364
2.5225 904505.667641586
2.5475000000000003 901315.2963730326
2.5725000000000002 897833.2822422885
2.5975 894080.3401345052
2.6225000000000005 890076.1916610473
2.6475 885839.5338323885
2.6725000000000003 881388.1561702604
2.6975000000000002 876738.9264193842
2.7225 871907.7930480746
2.7475000000000005 866909.8862305423
2.7725 861759.5104512908
2.7975000000000003 856470.162893573
2.8225000000000002 850909.0745792668
2.8475 845238.3581296192
2.8725000000000005 839612.9223295428
2.8975 833895.2727309617
2.9225000000000003 828095.5041083915
2.9475000000000002 822223.0781222903
2.9725 816286.9011166214
2.9975000000000005 810295.3681824242
3.0225 804256.3398530714
3.0475000000000003 798177.2114607785
3.0725000000000002 792064.8959738177
3.0975 785925.865713717
3.1225000000000005 779766.2005261501
3.1475 773591.5702177323
3.1725000000000003 767407.2879172013
3.1975000000000002 759034.0695978083
3.2225 750736.2425886295
3.2475000000000005 744652.9337645182
3.2725 738575.6239087398
3.2975000000000003 732508.0789544861
3.3225000000000002 726453.7813821589
3.3475 720415.9831326305
3.3725000000000005 714397.701759822
3.3975 708401.7370594242
3.4225000000000003 702430.6834557425
3.4475000000000002 696486.9216062
3.4725 690572.6687315197
3.4975000000000005 684689.9748360727
3.5225 678840.7086125066
3.5475000000000003 673026.5787870623
3.5725000000000002 667249.1679737074
3.5975 661509.9323517045
3.6225000000000005 655810.1700437866
3.6475 650151.076983023
3.6725000000000003 644533.7335093559
3.6975000000000002 638959.1080078478
3.7225 633428.0817929403
3.7475000000000005 627941.4334303974
3.7725 622499.8511607295
3.7975000000000003 617103.949841874
3.8225000000000002 611754.2657714229
3.8475 606451.2529296046
3.8725000000000005 601195.308482348
3.8975 595986.7651982198
3.9225000000000003 590825.8900464308
3.9475000000000002 585712.902855483
3.9725 580647.970229895
3.9975 575631.2032734557
4.0225 570662.6730672646
4.047499999999999 564894.9274041461
4.0725 559203.6609209419
4.0975 554418.449565994
4.1225 549680.3498616345
4.1475 544989.2831370131
4.172499999999999 540345.1345290667
4.1975 535747.7660236432
4.2225 531197.0135114746
4.2475 526692.6789243979
4.2725 522234.5532880465
4.297499999999999 517822.4112078751
4.3225 513455.99502657366
4.3475 509135.0377087571
4.3725 504859.2590632933
4.3975 500628.3568559133
4.422499999999999 496442.0137076059
4.4475 492299.91212112975
4.4725 488201.7159193122
4.4975 484147.07674742833
4.5225 480135.64276150597
4.547499999999999 476167.0499375968
4.5725 472240.93109851016
4.5975 468356.9067606292
4.6225 464514.5930809376
4.6475 460713.6046761742
4.672499999999999 456953.551054791
4.6975 453234.038169898
4.7225 449554.66369529185
4.7475 445915.02793595113
4.7725 442314.7291787878
4.797499999999999 438753.35985773784
4.8225 435230.5162153661
4.8475 431745.7912081867
4.8725000000000005 428298.77356290363
4.8975 424889.0590590096
4.922499999999999 421516.2418124243
4.9475 418179.91150233545
4.9725 414879.6642177156
4.9975000000000005 411615.09526107897
5.0225 408385.80006210937
5.047499999999999 405191.3797465675
5.0725 402031.4331029914
5.0975 398905.56203182985
5.1225000000000005 395813.37054136215
5.1475 392754.4665919437
5.172499999999999 389728.4583833411
5.1975 386734.95674481435
5.2225 383773.5788577215
5.2475000000000005 380843.94257592957
5.2725 377945.667966427
5.297499999999999 375078.3778477638
5.3225 372241.69968521653
5.3475 369435.2642093491
5.3725000000000005 366658.7053161094
5.3975 363911.6599741306
5.422499999999999 361193.7673997671
5.4475 358504.67415771855
5.4725 355844.0265089485
5.4975000000000005 353211.47494060517
5.5225 350606.6764152791
5.547499999999999 348029.2872485026
5.5725 345478.97233332566
5.5975 342955.3967786564
5.6225000000000005 340458.2290087669
5.6475 337987.1432067075
5.672499999999999 335541.81611951324
5.6975 333121.930123512
5.7225 330727.1689167426
5.7475000000000005 328357.2209079081
5.7725 326011.7781128367
5.797499999999999 323690.53583811934
5.8225 321393.19490703515
5.8475 319119.4575075166
5.8725000000000005 316869.0300370111
5.8975 314641.623866668
5.922499999999999 312436.95224617195
5.9475 310254.73317155085
5.9725 308094.68860071263
5.9975000000000005 305894.4578233442
6.0225 303717.34609461663
6.047499999999999 301624.2575982047
6.0725 299552.22178988555
6.0975 297500.9779599927
6.1225000000000005 295470.27073426085
6.1475 293459.8447748217
6.172499999999999 291469.449818425
6.1975 289498.8398362054
6.2225 287547.7710628153
6.2475000000000005 285616.00306248775
6.2725 283703.2979135856
6.297499999999999 281809.42121064593
6.3225 279934.1424053115
6.3475 278077.23385759216
6.3725000000000005 276238.4702917944
6.3975 274417.62955239776
6.422499999999999 272614.4934654271
6.4475 270828.84592351347
6.4725 269060.47349825926
6.4975000000000005 267309.1662268266
6.5225 265574.7168915032
6.547499999999999 263856.92066187505
6.5725 262155.5760122956
6.5975 260470.48425946393
6.6225000000000005 258801.4485486299
6.6475 257148.2754684715
6.672499999999999 255510.77425244314
6.6975 253888.75641703646
6.7225 252282.0362659257
6.7475000000000005 250690.43007273806
6.7725 249113.75703855994
6.797499999999999 247551.8394442077
6.8225 246004.50130046607
6.8475 244471.5689018522
6.8725000000000005 242952.87064408584
6.8975 241448.23811868488
6.922499999999999 239957.50511198133
6.9475 238480.50717034176
6.9725 237017.08250588612
6.9975000000000005 235567.07077373788
7.0225 234130.3148428785
7.047499999999999 232706.65923474837
7.0725 231295.95048030655
7.0975 229898.0372843262
7.1225000000000005 225238.4849789156
7.1475 220706.47434884202
7.172499999999999 219440.1863331918
7.1975 218184.46616971638
7.2225 216939.20534152258
7.2475000000000005 215704.298456354
7.2725 214479.63833001704
7.297499999999999 213265.12003557253
7.3225 212060.6402656916
7.3475 210866.09726220559
7.3725000000000005 209681.39064573188
7.3975 208506.41822002293
7.422499999999999 207341.08023526942
7.4475 206185.27998569384
7.4725 205038.92066522874
7.4975000000000005 203901.90632293717
7.5225 202774.14281505163
7.547499999999999 201655.53404330372
7.5725 200545.9889623369
7.5975 199445.41677990646
7.6225000000000005 198353.72487408627
7.6475 197270.82320530902
7.672499999999999 196196.62486436506
7.6975 195131.04186579987
7.7225 194066.004664384
7.7475000000000005 193009.56224267557
7.7725 191969.52232955772
7.797499999999999 190937.7524967012
7.8225 189914.16982275908
7.8475 188898.69241454382
7.8725000000000005 187891.24020703943
7.8975 186891.73337724694
7.922499999999999 185900.09138069852
7.9475 184916.236538584
7.9725 183940.09114120723
7.9975000000000005 182971.57940542526
8.0225 182010.6256483411
8.0475 181057.1540692718
8.072500000000002 180111.0911294901
8.0975 179172.3646628737
8.122500000000002 178240.90165986997
8.1475 177316.63009914831
8.1725 176399.4798151407
8.197500000000002 175489.38033285167
8.2225 174586.26333220053
8.247500000000002 173690.06070230698
8.2725 172800.70368911466
8.2975 171918.1261936181
8.322500000000002 171042.26272091508
8.3475 170086.26279042268
8.372500000000002 169138.4285410692
8.3975 168284.48744037427
8.4225 167436.97050936418
8.447500000000002 166595.81585256953
8.4725 165760.96156081936
8.497500000000002 164932.34715570713
8.5225 164109.9137070163
8.5475 163293.60173767153
8.572500000000002 162483.35233240592
8.5975 161679.10773708078
8.622500000000002 160880.8111097773
8.6475 160088.40602568164
8.6725 159301.83654902322
8.697500000000002 158521.04690053637
8.7225 157745.9826776926
8.747500000000002 156976.58986692448
8.7725 156212.81487127973
8.7975 155454.60463647995
8.822500000000002 154701.90719803292
8.8475 153954.67072598086
8.872500000000002 153212.84368531336
8.8975 152476.37589504098
8.9225 151745.21727230347
8.947500000000002 151019.31869520256
8.9725 150298.6306028857
8.997500000000002 149583.10474482874
9.0225 148872.69349366272
9.0475 148167.34938978264
9.072500000000002 147467.025232361
9.0975 146771.6749311401
9.122500000000002 146081.25291728394
9.1475 145395.71361393927
9.1725 144715.0125906641
9.197500000000002 144039.10513373982
9.2225 143367.94723668013
9.247500000000002 142701.49589004772
9.2725 142039.70832848118
9.2975 141382.5420258624
9.322500000000002 140729.95441579414
9.3475 140081.90469116226
9.372500000000002 139438.3517727822
9.3975 138799.2543935857
9.4225 138164.5727275122
9.447500000000002 137534.26711211482
9.4725 136908.29828182372
9.497500000000002 136286.6275276181
9.5225 135669.21576198284
9.5475 135056.02513409127
9.572500000000002 134447.01842649552
9.5975 133842.1575806329
9.622500000000002 133241.4061600699
9.6475 132644.7278405704
9.672500000000001 132052.08632162315
9.697500000000002 131463.44611041615
9.7225 130878.77146739555
9.747500000000002 130298.0277827863
9.7725 129721.18061922686
9.797500000000001 129148.19557974015
9.822500000000002 128579.03891169398
9.8475 128013.67674145084
9.872500000000002 127452.07608350825
9.8975 126894.20457412719
9.922500000000001 126340.0295333054
9.947500000000002 125789.51855307029
9.9725 125242.6401448623
9.997500000000002 124699.36289617012
